1 1536
2 3908
3 6669
4 2449
5 3067
6 1479
7 1800
8 651
9 756
10 1759
11 221
12 756
13 229
14 162
15 361
16 101
17 126
18 87
19 182
20 1317
21 50
22 38
23 26
24 53
25 248
26 24
27 18
28 10
29 5
30 915
31 7
32 17
33 113
34 11
35 44
36 29
37 10
38 14
39 12
40 525
41 9
42 17
43 2
44 23
45 24
46 6
47 14
48 14
49 9
50 1287
51 18
52 44
53 9
54 4
55 70
56 9
57 5
58 3
59 6
60 561
61 11
62 5
63 11
64 9
65 131
66 32
67 4
68 17
69 7
70 413
71 3
72 3
73 3
56 9
57 5
58 3
59 6
60 561
61 11
62 5
63 11
64 9
65 131
66 32
67 4
68 17
69 7
70 413
71 3
72 3
73 3
74 0
75 63
76 3
77 145
78 5
79 2
80 287
81 3
82 5
83 5
84 27
85 18
86 4
87 3
88 14
89 28
90 275
91 3
92 6
93 30
94 4
95 8
96 4
97 7
98 3
99 65