1 21573
2 115874
3 107653
4 59121
5 38419
6 22459
7 34693
8 13124
9 8899
10 20750
11 5749
12 12637
13 2909
14 1956
15 2572
16 1412
17 1138
18 1035
19 884
20 7016
21 775
22 464
23 319
24 1576
25 4608
26 251
27 205
28 391
29 136
30 5067
31 170
32 282
33 543
34 202
35 551
36 311
37 128
38 141
39 161
40 4625
41 97
42 180
43 81
44 216
45 504
46 116
47 161
48 193
49 212
50 9870
51 89
52 297
53 60
54 71
55 374
56 92
57 438
58 69
59 60
60 2402
61 65
62 58
63 99
64 173
65 224
66 300
67 113
68 180
69 153
70 1365
71 182
72 238
73 109
74 155
75 3354
76 160
77 373
78 131
79 134
80 1368
81 153
82 105
83 106
84 130
85 221
86 86
87 93
88 200
89 113
90 1762
91 54
92 66
93 65
94 38
95 176
96 120
97 25
98 118
99 834
