1 102989
2 8632
3 6353
4 4697
5 2367
6 32455
7 32918
8 894
9 1077
10 4531
11 1043
12 666
13 354
14 456
15 310
16 292
17 71
18 301
19 183
20 2482
21 98
22 22
23 21
24 141
25 91
26 26
27 33
28 32
29 34
30 1730
31 33
32 9
33 61
34 7
35 27
36 37
37 8
38 17
39 29
40 390
41 23
42 19
43 6
44 40
45 61
46 5
47 3
48 15
49 7
50 325
51 26
52 3
53 8
54 8
55 8
56 3
57 4
58 4
59 1
60 482
61 41
62 4
63 3
64 14
65 19
66 23
67 8
68 15
69 11
70 86
71 11
72 13
73 6
74 3
75 24
76 5
77 13
78 8
79 4
80 145
81 11
82 1
83 4
84 4
85 10
86 6
87 4
88 13
89 30
90 32
91 5
92 7
93 149
94 9
95 21
96 1
97 3
98 1
99 9