1 353000000
2 34200000
3 184000000
4 52100000
5 35700000
6 57400000
7 28000000
8 15200000
9 14100000
10 38400000
11 2480000
12 2030000
13 2400000
14 2810000
15 5730000
16 2260000
17 1510000
18 2310000
19 1280000
20 5890000
21 250000
22 231000
23 223000
24 262000
25 288000
26 248000
27 222000
28 208000
29 205000
30 12400000
31 265000
32 215000
33 208000
34 218000
35 238000
36 206000
37 193000
38 204000
39 197000
40 1580000
41 213000
42 210000
43 197000
44 227000
45 255000
46 196000
47 199000
48 190000
49 49000
50 6910000
51 224000
52 211000
53 184000
54 203000
55 201000
56 195000
57 187000
58 198000
59 202000
60 34700000
61 218000
62 194000
63 180000
64 185000
65 183000
66 172000
67 161000
68 153000
69 166000
70 4890000
71 179000
72 192000
73 178000
74 184000
75 194000
76 167000
77 169000
78 161000
79 167000
80 2630000
81 172000
82 163000
83 167000
84 167000
85 164000
86 161000
87 161000
88 154000
89 163000
90 1220000
91 178000
92 177000
93 171000
94 178000
95 182000
96 174000
97 161000
98 165000
99 198000
110 85900
127 124000
128 115000
135 125000
151 134000
154 138000
157 113000
159 119000
160 344000
161 121000
169 113000
179 111000
186 113000
238 11800
280 38000
287 9330
292 9090
335 6080
352 7010
358 5320
368 4350
385 5040
409 26000
414 4110
415 4410
420 46700
422 5690
424 7870
431 5590
444 6860
447 6170
453 5340
463 4470
485 4510
491 4210
493 5020
506 29600
512 3430
530 30000
531 4720
542 5510
550 32700
561 4050
567 4130
571 8
578 4720
600 926000
607 27100
613 3620
615 4550
617 3600
633 8
636 7200
641 10
648 6170
649 9
652 5180
656 5380
676 4960
696 3830
709 22400
711 7
727 5
730 28900
739 6100
745 5070
757 10
760 21700
762 3740
766 4120
767 4130
772 3620
774 4780
781 3710
787 4250
794 9
813 2920
817 2770
841 5
843 8
848 8
853 10
865 3970
897 7
910 5500
953 6780
954 4610
974 4030
981 10
992 4090
1113 6
1299 10
1319 4
1510 704
1688 6
1714 6
2000 15600000
2035 10
2227 7
2248 8
2614 2
2700 44200
2823 2
2840 1160
2871 1
2892 3
2972 4
3027 2
3204 7
3272 2
3323 2
3408 3
3569 2
3671 2
3746 2
3752 2
3818 1
3857 2
3885 1
3940 3
3994 2
4057 3
4174 4
4197 4
4198 3
4282 1
4420 3
4447 1
4537 1
4556 2
4586 3
4587 2
4652 1
4787 2
4879 2
5238 3
5371 2
5386 1
5563 2
6033 5
6044 3
6295 2
6305 5
6433 1
6486 3
6529 1
6589 2
6700 1220
6759 1
6772 3
6890 1
6895 1
6929 1
6973 2
7223 633
7401 3
7528 2
7606 4
7686 1
7763 1
8036 2
8194 1
8205 7
8219 1
8255 1
8306 3
8363 1
8423 1
8499 2
8661 2
8697 2
8731 1
8794 1
8984 3
9243 1
9395 1
9599 1
9719 1
9826 1
9830 1