1 171000000
2 179000000
3 62600000
4 30300000
5 62300000
6 63700000
7 15600000
8 49200000
9 7990000
10 35000000
11 5020000
12 9340000
13 4270000
14 4430000
15 11300000
16 2910000
17 658000
18 2570000
19 1280000
20 17700000
21 223000
22 209000
23 237000
24 127000
25 433000
26 189000
27 56200
28 210000
29 191000
30 6240000
31 33300
32 159000
33 62500
34 60700
35 88300
36 50000
37 157000
38 265000
39 30900
40 6410000
41 82600
42 209000
43 133000
44 147000
45 310000
46 142000
47 227000
48 159000
49 137000
50 8570000
51 20100
52 105000
53 23800
54 42600
55 37200
56 57000
57 187000
58 123000
59 20400
60 4610000
61 16800
62 87300
63 136000
64 24400
65 42400
66 43400
67 205000
68 109000
69 113000
70 2750000
71 66100
72 111000
73 118000
74 130000
75 165000
76 114000
77 129000
78 199000
79 202000
80 2680000
81 75200
82 178000
83 211000
84 238000
85 223000
86 213000
87 199000
88 122000
89 194000
90 2320000
91 82800
92 199000
93 127000
94 105000
95 142000
96 136000
97 105000
98 123000
99 175000
110 118000
127 24100
128 39300
135 5000
151 14400
154 21900
157 15800
159 16400
160 170000
161 8950
169 13300
179 12200
186 16400
238 2990
280 17700
287 1810
292 1650
335 1600
352 10
358 1620
368 1640
385 1660
409 4
414 10
415 1840
420 22800
422 1590
424 2420
431 1970
444 2030
447 9
453 9
463 7
485 10
491 7
493 1780
506 7
512 1810
530 16200
531 8
542 5
550 17000
561 3
567 10
571 7
578 5
600 172000
607 1690
613 9
615 5
617 6
633 6
636 7
641 5
648 7
649 6
652 9
656 5
676 2
696 4
709 1330
711 5
727 6
730 14300
739 9
745 8
757 6
760 13600
762 9
766 4
767 6
772 8
774 10
781 3
787 5
794 6
813 6
817 4
841 10
843 2140
848 10
853 8
865 2010
897 6
910 10
953 7
954 7
974 10
981 8
992 2090