1 82900000
2 840000000
3 649000000
4 477000000
5 288000000
6 193000000
7 131000000
8 147000000
9 65500000
10 179000000
11 288000000
12 61200000
13 3840000
14 7280000
15 5770000
16 1830000
17 1850000
18 5200000
19 822000
20 15600000
21 1340000
22 227000
23 168000
24 2470000
25 463000
26 111000
27 116000
28 111000
29 87700
30 7920000
31 105000
32 264000
33 79600
34 49700
35 183000
36 107000
37 180000
38 363000
39 40400
40 6180000
41 118000
42 77500
43 351000
44 406000
45 147000
46 35200
47 347000
48 85700
49 353000
50 6410000
51 36100
52 167000
53 99000
54 37900
55 63800
56 74100
57 67800
58 71900
59 61900
60 2490000
61 92400
62 343000
63 82900
64 79700
65 133000
66 57700
67 21800
68 109000
69 683000
70 1150000
71 98400
72 47900
73 60700
74 92600
75 71100
76 19500
77 46600
78 62000
79 16000
80 932000
81 61300
82 50400
83 61100
84 110000
85 25300
86 86800
87 315000
88 87200
89 49600
90 867000
91 45100
92 320000
93 56800
94 39700
95 343000
96 88800
97 50300
98 68900
99 93500
110 16500
127 11700
128 7390
135 5970
151 5460
154 6260
157 13100
159 45
160 75700
161 31
169 46
179 95
186 3840
238 6880
280 10700
287 4350
292 51
335 3320
352 4610
358 58
368 38
385 52000
409 4280
414 5390
415 32600
420 20500
422 9010
424 4500
431 85
444 4190
447 96
453 2480
463 69
485 3590
491 826
493 59
506 4480
512 2530
530 3600
531 124
542 2960
550 14500
561 10
567 48
571 59
578 29
600 449000
607 1720
613 156
615 12400
617 4200
633 35
636 10
641 45
648 109
649 10
652 54
656 9
676 9
696 27
709 393
711 5050
727 1
730 7800
739 6
745 46
757 62
760 3930
762 72
766 30
767 7
772 48
774 9
781 65
787 27
794 1910
813 121
817 805
841 41
843 52
848 71
853 1770
865 2180
897 51
910 17100
953 2
954 55
974 38
981 7
992 112
1113 527
1299 543
1319 617
1510 2
1688 473
1714 681
2000 421000
2035 5
2227 532
2248 462
2614 480
2700 5150
2823 381
2840 885
2871 415
2892 463
2972 394
3027 5
3204 378
3272 494
3323 352
3408 388
3569 367
3671 430
3746 335
3752 365
3818 311
3857 412
3885 345
3940 669
3994 425
4057 4
4174 2
4197 431
4198 333
4282 334
4420 703
4447 377
4537 320
4556 337
4586 349
4587 346
4652 525
4787 285
4879 346
5238 0
5371 1
5386 240
5563 355
6033 3
6044 2
6295 2
6305 2
6433 324
6486 314
6529 319
6589 311
6700 1830
6759 263
6772 310
6890 3
6895 281
6929 1
6973 2
7223 364
7401 1
7528 229
7606 1
7686 252
7763 217
8036 4
8194 329
8205 1
8219 253
8255 220
8306 2
8363 350
8423 261
8499 1
8661 1
8697 230
8731 234
8794 1
8984 2
9243 175
9395 283
9599 228
9719 1
9826 221
9830 2