1 5870000000
2 25270000000
3 697000000
4 2730000000
5 190000000
6 316000000
7 19800000
8 20100000
9 2260000000
10 1950000000
11 6500000
12 12400000
13 720000
14 390000
15 2330000
16 7050000
17 667000
18 23300000
19 8520000
20 4920000
21 205000
22 173000
23 180000
24 228000
25 244000
26 151000
27 166000
28 163000
29 99600
30 919000
31 129000
32 105000
33 107000
34 110000
35 115000
36 114000
37 94300
38 105000
39 102000
40 921000
41 92600
42 106000
43 93000
44 103000
45 130000
46 98500
47 106000
48 102000
49 108000
50 160000
51 110000
52 108000
53 89700
54 105000
55 101000
56 99300
57 89500
58 86100
59 92000
60 918000
61 9250
62 591000
63 90900
64 530
65 10300
66 10500
67 9750
68 11300
69 8920
70 358000
71 83400
72 99900
73 94000
74 7980
75 103000
76 86700
77 8890
78 82500
79 210000
80 21100000
81 87700
82 80900
83 89100
84 88400
85 79300
86 86400
87 84600
88 81500
89 84500
90 295000
91 99800
92 101000
93 102000
94 85000
95 99300
96 94400
97 83400
98 89100
99 107000
110 2140
127 6
128 7
135 8
151 0
154 1
157 8
159 0
160 0
161 6
169 6
179 0
186 10
238 10
280 0
287 10
292 8
335 12400
352 8
358 5
368 6
385 9
409 2160
414 10
415 2090
420 20300
422 6
424 7
431 8
444 8
447 3
453 8
463 5
485 10
491 9
493 7
506 7
512 13800
530 16100
531 10
542 9
550 18800
561 6
567 6
571 9
578 10
600 401000
607 10
613 10
615 9
617 10
633 8
636 9
641 8
648 8
649 8
652 7
656 8
676 7
696 9
709 10
711 9
727 10
730 10
739 8
745 9
757 10
760 6
762 4
766 3
767 6
772 10
774 8
781 9
787 9
794 8
813 0
817 7
841 10
843 6
848 4
853 7
865 6
897 6
910 44900
953 1
954 9
974 0
981 15700
992 16800