1 16910000000
2 10600000000
3 7240000000
4 4870000000
5 4030000000
6 3310000000
7 2490000000
8 1830000000
9 1370000000
10 2620000000
11 415000000
12 405000000
13 140000000
14 131000000
15 224000000
16 136000000
17 147000000
18 141000000
19 66700000
20 709000000
21 59900000
22 35600000
23 26900000
24 73100000
25 79500000
26 25400000
27 25300000
28 24300000
29 17200000
30 379000000
31 15800000
32 19100000
33 14900000
34 12100000
35 26300000
36 19900000
37 10800000
38 11000000
39 10100000
40 250000000
41 8570000
42 12000000
43 7690000
44 9210000
45 24700000
46 7440000
47 7050000
48 19100000
49 7350000
50 324000000
51 7060000
52 7930000
53 5930000
54 6400000
55 12200000
56 6430000
57 5240000
58 5850000
59 4910000
60 166000000
61 5220000
62 5490000
63 5250000
64 14500000
65 11200000
66 6220000
67 4900000
68 4660000
69 19800000
70 100000000
71 8700000
72 9240000
73 4140000
74 4140000
75 15900000
76 4410000
77 4900000
78 3960000
79 3370000
80 85000000
81 3830000
82 3800000
83 3710000
84 5990000
85 5920000
86 6660000
87 4010000
88 5030000
89 3200000
90 90500000
91 4760000
92 3590000
93 3220000
94 3100000
95 6000000
96 4890000
97 3380000
98 5630000
99 12800000
110 1580000
127 552000
128 623000
135 1180000
151 784000
154 328000
157 263000
159 240000
160 2710000
161 235000
169 226000
179 164000
186 187000
238 267000
280 1370000
287 154000
292 154000
335 354000
352 228000
358 182000
368 619000
385 419000
409 325000
414 163000
415 226000
420 1290000
422 344000
424 473000
431 193000
444 177000
447 175000
453 169000
463 135000
485 336000
491 86100
493 92100
506 570000
512 750000
530 883000
531 799000
542 180000
550 2540000
561 126000
567 137000
571 108000
578 112000
600 12100000
607 320000
613 128000
615 170000
617 111000
633 200000
636 219000
641 121000
648 625000
649 204000
652 616000
656 157000
676 103000
696 95600
709 215000
711 123000
727 175000
730 608000
739 115000
745 173000
757 116000
760 1280000
762 106000
766 107000
767 93300
772 117000
774 91400
781 243000
787 339000
794 75600
813 103000
817 518000
841 107000
843 241000
848 132000
853 714000
865 136000
897 405000
910 262000
953 700000
954 570000
974 74200
981 167000
992 78900
1113 147000
1299 638000
1319 143000
1510 225000
1688 486000
1714 153000
2000 24800000
2035 565000
2227 650000
2248 506000
2614 168000
2700 722000
2823 261000
2840 562000
2871 182000
2892 493000
2972 208000
3027 76700
3204 666000
3272 251000
3323 248000
3408 297000
3569 627000
3671 149000
3746 157000
3752 463000
3818 104000
3857 124000
3885 115000
3940 532000
3994 237000
4057 169000
4174 185000
4197 255000
4198 163000
4282 93500
4420 93500
4447 143000
4537 358000
4556 502000
4586 133000
4587 139000
4652 351000
4787 23200
4879 137000
5238 216000
5371 161000
5386 127000
5563 166000
6033 347000
6044 400000
6295 623000
6305 205000
6433 224000
6486 118000
6529 639000
6589 135000
6700 449000
6759 273000
6772 208000
6890 522000
6895 190000
6929 625000
6973 153000
7223 194000
7401 187000
7528 503000
7606 198000
7686 109000
7763 103000
8036 507000
8194 456000
8205 643000
8219 121000
8255 225000
8306 181000
8363 122000
8423 255000
8499 616000
8661 178000
8697 423000
8731 627000
8794 415000
8984 238000
9243 89000
9395 168000
9599 625000
9719 106000
9826 141000
9830 517000
11452 54200
11836 54400
12699 41400
12944 37300
14219 30600
14593 27700
14699 37900
15366 41100
17787 26000
18406 28400
18712 40800
19573 33000
21155 151000
21470 186000
23338 92200
26348 9
26997 43300
27469 90800
27934 108000
29611 49600
30000 2800000
30050 79700
30079 35100
32620 641000
32859 145000
34654 104000
35419 8
38402 107000
38813 10
39195 97200
39998 41300
40451 5
41780 136000
42400 103000
42748 99400
42832 8
44512 185000
44803 10
46201 8
46571 7
48550 10
50428 10
51610 62100
52766 61400
53728 245000
57268 56700
57446 9
58367 68900
58536 117000
58540 103000
58814 7
58872 56400
60192 46900
60752 40400
63756 87700
64590 480000
66173 5
66659 9
70698 7
72378 10
72465 9
72827 8
73246 58100
73851 6
74835 10
75999 108000
76002 5
77111 65800
77527 4
78382 8
80581 9
82638 8
82989 7
83614 7
84544 8
86585 10
87964 9
89812 9
90923 50400
91589 10
91640 92800
94520 175000
95151 9
96437 161000
97017 10
97221 9
98143 7
98626 47700
99319 9
99878 52900