1 2500000000
2 5260000000
3 1240000000
4 649000000
5 841000000
6 531000000
7 302000000
8 188000000
9 116000000
10 246000000
11 5950000000
12 214000000
13 65200000
14 25800000
15 74700000
16 18400000
17 13500000
18 21600000
19 9840000
20 62100000
21 7600000
22 10100000
23 9080000
24 15100000
25 15900000
26 17400000
27 6260000
28 6300000
29 4880000
30 64200000
31 7290000
32 9610000
33 9490000
34 6530000
35 8560000
36 6700000
37 6150000
38 6200000
39 5080000
40 41100000
41 5340000
42 7160000
43 6450000
44 5940000
45 7790000
46 5610000
47 4790000
48 7280000
49 4870000
50 42800000
51 4660000
52 6310000
53 4950000
54 4780000
55 5980000
56 4800000
57 4470000
58 4670000
59 4510000
60 37200000
61 4600000
62 6340000
63 5050000
64 4720000
65 6470000
66 4700000
67 4410000
68 4920000
69 5800000
70 38900000
71 4510000
72 6270000
73 4800000
74 4530000
75 6440000
76 4660000
77 4460000
78 4610000
79 4330000
80 33700000
81 4310000
82 4980000
83 4670000
84 4570000
85 4960000
86 4540000
87 4190000
88 4520000
89 4210000
90 47000000
91 4410000
92 5050000
93 4550000
94 4460000
95 4850000
96 4600000
97 4320000
98 4570000
99 4790000
110 1410000
127 373000
128 388000
135 1770000
151 1670000
154 2620000
157 1830000
159 1800000
160 2300000
161 765000
169 990000
179 839000
186 1120000
238 600000
280 966000
287 458000
292 706000
335 496000
352 593000
358 557000
368 626000
385 366000
409 72500
414 134000
415 77600
420 183000
422 63400
424 129000
431 263000
444 347000
447 323000
453 426000
463 448000
485 340000
491 253000
493 326000
506 164000
512 86000
530 682000
531 251000
542 342000
550 800000
561 228000
567 296000
571 238000
578 310000
600 6290000
607 120000
613 124000
615 66500
617 105000
633 281000
636 277000
641 213000
648 286000
649 272000
652 325000
656 311000
676 256000
696 404000
709 58100
711 112000
727 97400
730 597000
739 255000
745 279000
757 326000
760 581000
762 266000
766 258000
767 254000
772 284000
774 256000
781 204000
787 415000
794 258000
813 59600
817 62600
841 228000
843 444000
848 284000
853 313000
865 289000
897 288000
910 234000
953 706000
954 505000
974 667000
981 785000
992 1890000
1113 80900
1299 260000
1319 43200
1510 83300
1688 272000
1714 40800
2000 29700000
2035 314000
2227 46900
2248 241000
2614 45400
2700 2090000
2823 36400
2840 223000
2871 172000
2892 243000
2972 512000
3027 38900
3204 38100
3272 202000
3323 36700
3408 31700
3569 137000
3671 110000
3746 118000
3752 146000
3818 18000
3857 134000
3885 133000
3940 194000
3994 307000
4057 120000
4174 244000
4197 212000
4198 213000
4282 155000
4420 41200
4447 126000
4537 154000
4556 144000
4586 150000
4587 147000
4652 128000
4787 110000
4879 145000
5238 206000
5371 105000
5386 133000
5563 131000
6033 144000
6044 130000
6295 175000
6305 32800
6433 119000
6486 160000
6529 21500
6589 138000
6700 1240000
6759 150000
6772 140000
6890 131000
6895 135000
6929 25000
6973 166000
7223 35900
7401 14700
7528 18900
7606 24100
7686 125000
7763 140000
8036 135000
8194 189000
8205 41800
8219 30800
8255 223000
8306 31000
8363 168000
8423 20200
8499 139000
8661 101000
8697 121000
8731 94300
8794 97200
8984 204000
9243 140000
9395 112000
9599 118000
9719 17800
9826 18900
9830 119000
11452 67600
11836 54500
12699 56900
12944 70800
14219 12600
14593 51900
14699 48100
15366 74700
17787 42200
18406 8890
18712 8430
19573 47000
21155 7
21470 5080
23338 46100
26348 42000
26997 58200
27469 38800
27934 38500
29611 6660
30000 3890000
30050 85100
30079 49700
32620 47200
32859 157000
34654 124000
35419 16500
38402 23100
38813 17300
39195 142000
39998 191000
40451 58500
41780 12000
42400 1240000
42748 193000
42832 184000
44512 22700
44803 22600
46201 22500
46571 95200
48550 146000
50428 14400
51610 8
52766 183000
53728 17400
57268 144000
57446 124000
58367 143000
58536 122000
58540 137000
58814 15300
58872 115000
60192 70500
60752 57100
63756 153000
64590 144000
66173 218000
66659 175000
70698 40200
72378 219000
72465 162000
72827 20700
73246 214000
73851 109000
74835 119000
75999 257000
76002 125000
77111 34600
77527 15800
78382 107000
80581 41500
82638 157000
82989 10
83614 21800
84544 123000
86585 114000
87964 142000
89812 16600
90923 5070
91589 3
91640 12100
94520 41600
95151 211000
96437 119000
97017 151000
97221 11700
98143 179000
98626 14200
99319 20500
99878 109000