1 44400000
2 39500000
3 38900000
4 16800000
5 30700000
6 11300000
7 7970000
8 7350000
9 3940000
10 17400000
11 177000
12 242000
13 362000
14 280000
15 182000
16 247000
17 194000
18 527000
19 261000
20 1590000
21 85900
22 52100
23 30000
24 58100
25 77500
26 26200
27 27600
28 21400
29 17900
30 260000
31 12200
32 21100
33 18400
34 10900
35 31800
36 34500
37 15500
38 12300
39 10400
40 396000
41 11300
42 12900
43 8460
44 9880
45 22300
46 9960
47 8060
48 14700
49 6750
50 175000
51 9010
52 10600
53 9690
54 6570
55 11300
56 6550
57 8520
58 6290
59 6180
60 761000
61 16800
62 12100
63 4860
64 9420
65 11500
66 8080
67 4620
68 6290
69 329000
70 154000
71 4260
72 7980
73 3370
74 3360
75 15400
76 4710
77 5790
78 4660
79 4170
80 93400
81 17500
82 3790
83 3150
84 4530
85 7790
86 4690
87 4120
88 4480
89 2710
90 67800
91 4460
92 6540
93 5280
94 3020
95 5850
96 3550
97 4160
98 4230
99 11800
110 5950
127 879
128 956
135 9
151 982
154 395
157 442
159 5
160 6570
161 1210
169 454
179 9
186 3
238 4
280 997
287 1
292 3
335 917
352 4
358 422
368 1
385 3
409 8
414 9
415 7
420 492
422 4
424 1
431 5
444 3
447 1
453 2
463 4
485 1
491 764
493 2
506 279
512 6
530 411
531 2
542 2
550 1040
561 387
567 3
571 4
578 277
600 71000
607 1
613 31
615 7
617 2
633 366
636 7
641 2
648 5
649 2
652 1
656 1900
676 220
696 3
709 5
711 3
727 1
730 1140
739 1
745 719
757 1
760 910
762 2
766 1
767 1
772 3
774 2
781 345
787 319
794 1
813 5
817 7
841 1
843 1
848 1
853 262
865 4
897 201
910 577
953 2
954 264
974 1
981 3
992 3