1 8960000000
2 1070000000
3 634000000
4 302000000
5 2530000000
6 3340000000
7 798000000
8 96000000
9 164000000
10 174000000
11 487000000
12 43100000
13 16700000
14 22800000
15 62800000
16 130000000
17 8530000
18 14500000
19 6210000
20 72100000
21 5130000
22 5330000
23 5000000
24 6580000
25 7700000
26 3520000
27 3450000
28 3240000
29 2590000
30 49100000
31 1930000
32 1970000
33 1810000
34 1120000
35 7880000
36 2120000
37 2740000
38 956000
39 737000
40 25900000
41 609000
42 1090000
43 698000
44 2130000
45 3310000
46 676000
47 595000
48 2080000
49 627000
50 26400000
51 583000
52 800000
53 1500000
54 1490000
55 829000
56 496000
57 424000
58 459000
59 1220000
60 23400000
61 636000
62 1510000
63 413000
64 1400000
65 2580000
66 499000
67 1210000
68 1330000
69 2680000
70 5770000
71 269000
72 726000
73 1170000
74 1120000
75 1210000
76 351000
77 1020000
78 1150000
79 800000
80 3410000
81 323000
82 1280000
83 1050000
84 1550000
85 1870000
86 812000
87 722000
88 885000
89 670000
90 5030000
91 282000
92 358000
93 358000
94 273000
95 492000
96 326000
97 797000
98 1140000
99 1770000
110 1340000
127 327000
128 356000
135 300000
151 213000
154 217000
157 737000
159 200000
160 4250000
161 938000
169 859000
179 318000
186 1200000
238 89800
280 265000
287 280000
292 189000
335 228000
352 185000
358 173000
368 68300
385 314000
409 146000
414 149000
415 69400
420 445000
422 269000
424 251000
431 72200
444 173000
447 143000
453 155000
463 55200
485 289000
491 151000
493 143000
506 141000
512 171000
530 996000
531 175000
542 167000
550 1850000
561 71100
567 149000
571 123000
578 215000
600 4740000
607 136000
613 134000
615 134000
617 185000
633 147000
636 162000
641 131000
648 153000
649 128000
652 177000
656 158000
676 132000
696 144000
709 124000
711 119000
727 190000
730 282000
739 126000
745 212000
757 138000
760 513000
762 146000
766 146000
767 138000
772 156000
774 138000
781 164000
787 211000
794 128000
813 49000
817 200000
841 134000
843 140000
848 72300
853 143000
865 74400
897 114000
910 183000
953 144000
954 166000
974 152000
981 68500
992 198000
1113 80800
1299 169000
1319 108000
1510 234000
1688 129000
1714 78100
2000 6120000
2035 22800
2227 59200
2248 45900
2614 23900
2700 67500
2823 64900
2840 129000
2871 20700
2892 38100
2972 46000
3027 44200
3204 136000
3272 36000
3323 63900
3408 26200
3569 23200
3671 17200
3746 22700
3752 41200
3818 40400
3857 22300
3885 50700
3940 90900
3994 23300
4057 9920
4174 21100
4197 36800
4198 42400
4282 49300
4420 91700
4447 22700
4537 18300
4556 25900
4586 45500
4587 39500
4652 30200
4787 34600
4879 36200
5238 28100
5371 16100
5386 40000
5563 24000
6033 11200
6044 11800
6295 32400
6305 19900
6433 24200
6486 57000
6529 34300
6589 39000
6700 54400
6759 13500
6772 34500
6890 62200
6895 29700
6929 30400
6973 24000
7223 53600
7401 21700
7528 42500
7606 19900
7686 44600
7763 22600
8036 14000
8194 21800
8205 24600
8219 39400
8255 28700
8306 19900
8363 21800
8423 43000
8499 32500
8661 25800
8697 38100
8731 26200
8794 21400
8984 32600
9243 23800
9395 15700
9599 65400
9719 10
9826 35000
9830 78700
11452 13600
11836 13800
12699 24100
12944 14400
14219 18400
14593 14300
14699 20300
15366 14800
17787 30700
18406 16700
18712 17500
19573 17600
21155 10800
21470 19300
23338 23100
26348 17200
26997 24300
27469 16300
27934 17400
29611 13600
30000 1150000
30050 13200
30079 7430
32620 36300
32859 13500
34654 11300
35419 19800
38402 12100
38813 11000
39195 10200
39998 17500
40451 12400
41780 7430
42400 23500
42748 21900
42832 16600
44512 12500
44803 11600
46201 11100
46571 6770
48550 30000
50428 21000
51610 11400
52766 19100
53728 14000
57268 13400
57446 10200
58367 11900
58536 11900
58540 25600
58814 5670
58872 13300
60192 7270
60752 14400
63756 11300
64590 21100
66173 13300
66659 11400
70698 25600
72378 12400
72465 9620
72827 10900
73246 7040
73851 5530
74835 7560
75999 17700
76002 38300
77111 11000
77527 24500
78382 27200
80581 14800
82638 9
82989 36100
83614 11500
84544 19000
86585 31300
87964 16400
89812 12000
90923 24500
91589 9810
91640 12600
94520 9860
95151 6790
96437 7660
97017 34100
97221 30400
98143 14400
98626 22700
99319 28200
99878 27500