1 51300000
2 5930000
3 31200000
4 10800000
5 13400000
6 6190000
7 35600000
8 9950000
9 9940000
10 7150000
11 170000
12 179000
13 209000
14 132000
15 208000
16 175000
17 169000
18 299000
19 107000
20 2670000
21 61000
22 154000
23 145000
24 94900
25 262000
26 30100
27 129000
28 188000
29 112000
30 3050000
31 17400
32 117000
33 124000
34 157000
35 138000
36 126000
37 107000
38 172000
39 101000
40 848000
41 19400
42 108000
43 97800
44 15700
45 139000
46 14200
47 789000
48 207000
49 98300
50 808000
51 13300
52 99400
53 92000
54 13300
55 107000
56 14100
57 94300
58 140000
59 91500
60 1470000
61 34200
62 152000
63 87600
64 14300
65 108000
66 14100
67 89700
68 121000
69 159000
70 1760000
71 90500
72 110000
73 91700
74 13300
75 126000
76 13200
77 95400
78 132000
79 87700
80 1020000
81 88200
82 88200
83 10800
84 114000
85 98900
86 93700
87 86300
88 128000
89 90000
90 889000
91 9830
92 89300
93 84800
94 11300
95 93300
96 91100
97 84900
98 138000
99 113000
110 6210
127 13800
128 23000
135 10500
151 9300
154 9400
157 1110
159 10200
160 8390
161 9580
169 886
179 989
186 1140
238 11800
280 2430
287 903
292 9290
335 14100
352 1820
358 22600
368 17400
385 2140
409 22700
414 1580
415 17400
420 6050
422 1790
424 1910
431 8
444 19200
447 1660
453 1980
463 1710
485 1650
491 1740
493 17800
506 2570
512 1830
530 2920
531 10
542 2110
550 5140
561 1800
567 16200
571 1830
578 3000
600 461000
607 2060
613 2690
615 1830
617 1450
633 1910
636 10
641 9
648 2750
649 1950
652 1850
656 1810
676 1620
696 1690
709 2510
711 6
727 9
730 3850
739 5
745 2080
757 1900
760 3300
762 7
766 5
767 7
772 2130
774 6
781 2480
787 10
794 2050
813 2310
817 2010
841 2180
843 1680
848 2210
853 2180
865 1940
897 1730
910 2110
953 1970
954 2020
974 1860
981 1870
992 1920