1 673000000
2 524000000
3 227000000
4 121000000
5 697000000
6 78500000
7 41200000
8 105000000
9 49400000
10 32200000
11 11000000
12 32700000
13 1180000
14 3480000
15 2900000
16 1780000
17 3030000
18 2030000
19 1260000
20 48100000
21 790000
22 591000
23 593000
24 969000
25 1200000
26 1160000
27 515000
28 290000
29 694000
30 12000000
31 401000
32 385000
33 364000
34 772000
35 662000
36 388000
37 301000
38 239000
39 653000
40 3130000
41 570000
42 285000
43 565000
44 290000
45 562000
46 541000
47 538000
48 459000
49 507000
50 73900000
51 370000
52 668000
53 615000
54 638000
55 629000
56 422000
57 343000
58 216000
59 491000
60 4160000
61 487000
62 484000
63 464000
64 496000
65 676000
66 500000
67 438000
68 405000
69 1030000
70 3000000
71 478000
72 504000
73 474000
74 460000
75 708000
76 461000
77 438000
78 162000
79 447000
80 1790000
81 187000
82 426000
83 399000
84 406000
85 488000
86 537000
87 434000
88 396000
89 384000
90 2400000
91 465000
92 425000
93 417000
94 426000
95 518000
96 443000
97 170000
98 392000
99 592000
110 141000
127 134000
128 104000
135 121000
151 131000
154 125000
157 123000
159 110000
160 311000
161 80200
169 71700
179 69900
186 77800
238 113000
280 345000
287 101000
292 118000
335 156000
352 147000
358 118000
368 106000
385 123000
409 390000
414 60100
415 94200
420 382000
422 133000
424 117000
431 130000
444 120000
447 110000
453 132000
463 111000
485 115000
491 78300
493 103000
506 416000
512 80700
530 388000
531 139000
542 119000
550 483000
561 130000
567 110000
571 124000
578 94700
600 1350000
607 354000
613 53700
615 85900
617 53900
633 110000
636 109000
641 116000
648 95100
649 103000
652 138000
656 131000
676 110000
696 104000
709 320000
711 32500
727 106000
730 312000
739 96600
745 130000
757 112000
760 299000
762 105000
766 104000
767 96500
772 105000
774 98800
781 94200
787 85600
794 90600
813 45500
817 46600
841 94700
843 90600
848 87900
853 101000
865 102000
897 86200
910 47800
953 110000
954 111000
974 98800
981 92900
992 51800
1113 2280
1299 5950
1319 2660
1510 2560
1688 2010
1714 1930
2000 3770000
2035 55000
2227 32400
2248 26800
2614 14800
2700 128000
2823 22400
2840 35800
2871 20600
2892 29800
2972 34200
3027 38500
3204 42300
3272 25300
3323 33100
3408 32700
3569 23700
3671 23600
3746 21700
3752 28700
3818 9810
3857 20500
3885 18400
3940 34900
3994 19800
4057 36200
4174 15700
4197 9540
4198 8780
4282 19500
4420 35100
4447 20300
4537 26500
4556 29300
4586 19400
4587 18600
4652 27800
4787 16500
4879 16300
5238 21100
5371 22600
5386 18800
5563 25800
6033 32900
6044 33600
6295 22700
6305 43100
6433 25100
6486 27900
6529 22700
6589 19100
6700 106000
6759 22800
6772 21300
6890 29500
6895 18100
6929 18500
6973 19500
7223 23300
7401 6930
7528 20500
7606 33700
7686 17100
7763 9
8036 21900
8194 8910
8205 35600
8219 9290
8255 22700
8306 28600
8363 15800
8423 16400
8499 15400
8661 17800
8697 15700
8731 17000
8794 15500
8984 15900
9243 20200
9395 19500
9599 31100
9719 10100
9826 16600
9830 27200