1 2440000000
2 5600000000
3 690000000
4 195000000
5 130000000
6 778000000
7 95200000
8 380000000
9 156000000
10 62800000
11 12500000
12 19700000
13 9000000
14 6510000
15 15400000
16 15600000
17 3640000
18 22300000
19 2100000
20 55100000
21 6610000
22 1740000
23 1940000
24 3070000
25 4660000
26 944000
27 929000
28 2500000
29 380000
30 23600000
31 386000
32 1790000
33 732000
34 1080000
35 2820000
36 498000
37 213000
38 608000
39 253000
40 16700000
41 148000
42 899000
43 180000
44 236000
45 735000
46 468000
47 280000
48 642000
49 112000
50 18100000
51 109000
52 375000
53 129000
54 272000
55 491000
56 271000
57 5430000
58 152000
59 182000
60 15400000
61 92900
62 267000
63 85800
64 194000
65 188000
66 279000
67 93800
68 310000
69 1340000
70 13800000
71 64900
72 201000
73 90500
74 144000
75 541000
76 68800
77 288000
78 246000
79 159000
80 13600000
81 170000
82 157000
83 75900
84 165000
85 108000
86 185000
87 123000
88 155000
89 76300
90 13900000
91 64300
92 158000
93 85100
94 125000
95 190000
96 69100
97 120000
98 136000
99 173000
110 633000
127 45000
128 40700
135 30500
151 15900
154 16400
157 15700
159 24400
160 162000
161 13900
169 15200
179 15300
186 10100
238 16200
280 29300
287 4870
292 6260
335 10500
352 124
358 5770
368 6090
385 5440
409 5150
414 412
415 6810
420 27200
422 5460
424 6380
431 4880
444 151
447 207
453 2200
463 2170
485 4490
491 4090
493 1740
506 6820
512 6690
530 14200
531 4350
542 164
550 28600
561 3830
567 9910
571 5590
578 3790
600 13500000
607 4250
613 4840
615 6900
617 5660
633 1400
636 5480
641 88
648 224
649 5050
652 313
656 358
676 6670
696 241
709 3670
711 4840
727 153
730 16600
739 109
745 315
757 5310
760 13700
762 151
766 115
767 15800
772 108
774 10
781 1340
787 2650
794 96
813 3830
817 2760
841 2850
843 357
848 5850
853 2920
865 209
897 312
910 13600
953 5170
954 264
974 68
981 6260
992 22000
1113 1180
1299 1210
1319 1
1510 30
1688 883
1714 38
2000 7610000
2035 2210
2227 1
2248 3
2614 433
2700 15900
2823 451
2840 875
2871 1
2892 527
2972 399
3027 482
3204 410
3272 1
3323 362
3408 320
3569 1
3671 1
3746 483
3752 353
3818 3
3857 407
3885 374
3940 683
3994 412
4057 2
4174 475
4197 486
4198 350
4282 488
4420 554
4447 388
4537 1
4556 1
4586 360
4587 329
4652 365
4787 349
4879 356
5238 1
5371 363
5386 366
5563 270
6033 4
6044 2
6295 280
6305 289
6433 6
6486 262
6529 271
6589 294
6700 4110
6759 370
6772 2
6890 445
6895 436
6929 299
6973 240
7223 218
7401 390
7528 326
7606 1
7686 282
7763 246
8036 1
8194 215
8205 298
8219 228
8255 297
8306 329
8363 204
8423 327
8499 288
8661 199
8697 2
8731 208
8794 245
8984 262
9243 229
9395 240
9599 311
9719 1
9826 230
9830 379