1 4570000000
2 2390000000
3 2400000000
4 1870000000
5 1350000000
6 991000000
7 803000000
8 813000000
9 677000000
10 1530000000
11 203000000
12 263000000
13 177000000
14 170000000
15 156000000
16 143000000
17 108000000
18 155000000
19 115000000
20 290000000
21 80300000
22 87500000
23 69900000
24 95000000
25 73300000
26 60000000
27 53000000
28 64400000
29 52700000
30 179000000
31 50600000
32 58300000
33 50800000
34 48200000
35 52000000
36 50000000
37 38400000
38 44800000
39 38700000
40 107000000
41 32600000
42 38200000
43 31800000
44 33700000
45 33000000
46 29500000
47 27600000
48 11500000
49 30600000
50 123000000
51 29700000
52 33100000
53 30100000
54 29300000
55 32100000
56 29700000
57 25600000
58 28100000
59 25200000
60 82500000
61 25800000
62 28200000
63 24600000
64 28200000
65 26800000
66 24100000
67 23300000
68 24000000
69 21900000
70 62100000
71 22700000
72 28900000
73 22200000
74 22400000
75 23400000
76 21600000
77 20800000
78 21500000
79 19500000
80 73400000
81 26300000
82 27000000
83 22200000
84 22000000
85 23000000
86 20400000
87 19400000
88 25000000
89 20300000
90 58700000
91 20100000
92 21300000
93 18900000
94 18300000
95 19800000
96 17800000
97 16300000
98 18100000
99 26100000
110 12700000
127 10700000
128 10800000
135 10500000
151 10800000
154 10700000
157 9760000
159 9510000
160 15100000
161 10300000
169 9970000
179 8910000
186 12100000
238 11000000
280 11300000
287 8030000
292 8080000
335 9190000
352 8880000
358 9320000
368 9360000
385 8000000
409 8190000
414 528000
415 535000
420 7730000
422 7710000
424 8110000
431 7510000
444 7570000
447 7880000
453 7640000
463 8510000
485 8400000
491 8380000
493 7460000
506 7560000
512 1090000
530 8130000
531 8550000
542 8470000
550 8580000
561 8390000
567 7450000
571 8280000
578 8250000
600 18500000
607 8750000
613 859000
615 415000
617 420000
633 7440000
636 7250000
641 7910000
648 7140000
649 7150000
652 8350000
656 8170000
676 7170000
696 7830000
709 8220000
711 377000
727 6150000
730 7330000
739 7020000
745 6670000
757 6830000
760 7420000
762 6090000
766 6940000
767 6930000
772 7420000
774 6050000
781 7540000
787 7370000
794 6650000
813 392000
817 390000
841 7460000
843 7000000
848 6930000
853 7790000
865 6900000
897 6040000
910 795000
953 7280000
954 6510000
974 4760000
981 6640000
992 5840000
1113 156000
1299 6020000
1319 514000
1510 334000
1688 4580000
1714 462000
2000 17100000
2035 2350000
2227 2200000
2248 2060000
2614 332000
2700 3060000
2823 2380000
2840 2030000
2871 1780000
2892 1710000
2972 1220000
3027 2190000
3204 2470000
3272 2270000
3323 1970000
3408 2490000
3569 1870000
3671 965000
3746 1180000
3752 1320000
3818 382000
3857 1170000
3885 1570000
3940 2040000
3994 1310000
4057 898000
4174 274000
4197 244000
4198 239000
4282 564000
4420 691000
4447 925000
4537 570000
4556 1140000
4586 553000
4587 556000
4652 563000
4787 430000
4879 476000
5238 468000
5371 485000
5386 481000
5563 513000
6033 873000
6044 821000
6295 357000
6305 451000
6433 725000
6486 328000
6529 791000
6589 361000
6700 573000
6759 687000
6772 288000
6890 377000
6895 327000
6929 305000
6973 289000
7223 276000
7401 230000
7528 690000
7606 293000
7686 619000
7763 512000
8036 345000
8194 141000
8205 722000
8219 193000
8255 268000
8306 298000
8363 628000
8423 235000
8499 530000
8661 615000
8697 205000
8731 193000
8794 179000
8984 199000
9243 601000
9395 194000
9599 205000
9719 143000
9826 196000
9830 225000