1 7740000
2 5800000
3 2070000
4 3320000
5 1640000
6 1670000
7 355000
8 817000
9 450000
10 1180000
11 222000
12 72000
13 19800
14 29200
15 311000
16 159000
17 106000
18 222000
19 59400
20 305000
21 6760
22 6590
23 6690
24 6260
25 5190
26 7
27 6
28 26700
29 6
30 295000
31 6
32 34900
33 6690
34 4170
35 294
36 6
37 8
38 7
39 298
40 27900
41 12800
42 5810
43 5680
44 6150
45 33100
46 12200
47 10700
48 18300
49 13700
50 258000
51 16700
52 19000
53 12400
54 12000
55 18900
56 18100
57 10100
58 11300
59 7990
60 125000
61 18200
62 15300
63 6460
64 6230
65 17900
66 9630
67 8720
68 10700
69 12400
70 114000
71 19600
72 18700
73 4430
74 13200
75 24500
76 9180
77 17500
78 8940
79 9540
80 9370
81 12700
82 8960
83 6420
84 416
85 10300
86 13700
87 7730
88 8380
89 8230
90 41400
91 8860
92 14500
93 5260
94 5310
95 17000
96 19100
97 7100
98 8480
99 14000
110 374
127 2
128 2
135 2
151 7
154 2
157 3
159 2
160 374
161 2
169 3
179 2
186 4
238 1
280 10
287 6
292 2
335 2
352 6
358 4
368 3
385 5
409 2
414 4
415 9
420 500
422 2
424 2
431 6
444 2
447 6
453 3
463 2
485 3
491 1
493 1
506 4
512 9
530 7
531 2
542 2
550 781
561 3
567 6
571 3
578 4
600 11600
607 273
613 257
615 214
617 261
633 2
636 2
641 10
648 287
649 9
652 346
656 2
676 8
696 8
709 2
711 3
727 2
730 6
739 2
745 2
757 5
760 926
762 2
766 3
767 2
772 5
774 2
781 2
787 3
794 1
813 5
817 5
841 3
843 2
848 4
853 1
865 5
897 1
910 2
953 3
954 2
974 2
981 2
992 3