1 594000000
2 928000000
3 39500000
4 145000000
5 132000000
6 14700000
7 29400000
8 62700000
9 122000000
10 15900000
11 2660000
12 3130000
13 272000
14 733000
15 1220000
16 889000
17 293000
18 943000
19 365000
20 5160000
21 6420000
22 307000
23 218000
24 8640000
25 483000
26 119000
27 174000
28 74400
29 153000
30 6460000
31 67300
32 311000
33 120000
34 101000
35 106000
36 152000
37 120000
38 63800
39 77800
40 1820000
41 65500
42 67900
43 77700
44 115000
45 122000
46 93600
47 83800
48 81300
49 194000
50 2640000
51 95500
52 684000
53 12500
54 141000
55 92000
56 108000
57 65500
58 54600
59 74300
60 1010000
61 172000
62 187000
63 60500
64 113000
65 108000
66 135000
67 64500
68 76000
69 128000
70 686000
71 110000
72 220000
73 66300
74 109000
75 104000
76 97900
77 80500
78 62100
79 56900
80 621000
81 77000
82 127000
83 64900
84 95800
85 50800
86 81200
87 69200
88 67500
89 64400
90 865000
91 62500
92 133000
93 56800
94 74800
95 79800
96 71900
97 62900
98 47700
99 171000
110 54700
127 20700
128 22400
135 19100
151 10200
154 34700
157 8360
159 7730
160 151000
161 17700
169 10200
179 6990
186 30000
238 878
280 45500
287 5670
292 5030
335 8360
352 7920
358 4600
368 5500
385 4760
409 7540
414 3990
415 5030
420 32800
422 5520
424 4950
431 4940
444 2270
447 3900
453 4320
463 4400
485 1390
491 2300
493 3940
506 2250
512 2770
530 21100
531 2370
542 3660
550 43000
561 1640
567 1920
571 2100
578 1720
600 946000
607 9940
613 4940
615 8240
617 4560
633 5370
636 9270
641 5500
648 7830
649 5950
652 12000
656 35300
676 6040
696 6090
709 20300
711 7180
727 5820
730 68300
739 7810
745 12600
757 5110
760 68300
762 6480
766 8570
767 7890
772 9230
774 9180
781 5850
787 8800
794 6110
813 3820
817 4650
841 5630
843 7460
848 5910
853 5230
865 5340
897 5480
910 10800
953 4550
954 5830
974 11900
981 4480
992 6920