1 22600000
2 4300000000
3 11800000
4 5930000
5 1910000
6 2120000
7 703000
8 569000
9 545000
10 4360000
11 749000
12 1100000
13 163000
14 709000
15 274000
16 360000
17 271000
18 319000
19 190000
20 2390000
21 141000
22 126000
23 121000
24 123000
25 131000
26 97100
27 112000
28 106000
29 97300
30 1680000
31 122000
32 110000
33 113000
34 112000
35 109000
36 114000
37 98200
38 104000
39 98300
40 1580000
41 91700
42 112000
43 96900
44 119000
45 122000
46 102000
47 107000
48 114000
49 103000
50 814000
51 113000
52 116000
53 92700
54 109000
55 103000
56 106000
57 93400
58 97100
59 89900
60 563000
61 96100
62 108000
63 106000
64 101000
65 83900
66 98400
67 84400
68 75600
69 98900
70 520000
71 88800
72 129000
73 97100
74 107000
75 96300
76 88300
77 87700
78 98200
79 86600
80 511000
81 11400
82 12600
83 12500
84 85000
85 77800
86 92700
87 11700
88 11400
89 84800
90 507000
91 96500
92 93200
93 78500
94 85600
95 93600
96 93000
97 73600
98 89800
99 98900
110 1510
127 577
128 1570
135 2570
151 1150
154 1040
157 903
159 839
160 6390
161 635
169 971
179 860
186 761
238 1960
280 130000
287 2100
292 13500
335 13100
352 18400
358 16600
368 1640
385 1930
409 13300
414 10400
415 12400
420 128000
422 16000
424 13700
431 2190
444 14800
447 14900
453 15100
463 2200
485 11300
491 2760
493 2100
506 15100
512 1570
530 18400
531 2410
542 15700
550 144000
561 1870
567 12500
571 13600
578 3130
600 86900
607 1350
613 10200
615 1240
617 9420
633 14800
636 12200
641 1630
648 1840
649 1970
652 17600
656 19600
676 1580
696 14600
709 10800
711 1210
727 13700
730 14900
739 11200
745 16100
757 2070
760 127000
762 2180
766 1680
767 2070
772 15900
774 2290
781 1650
787 2130
794 12400
813 9560
817 1530
841 1600
843 1800
848 10700
853 1500
865 1640
897 2000
910 9810
953 10600
954 14900
974 14100
981 1610
992 2150