1 72200000
2 29600000
3 18300000
4 5000000
5 4650000
6 2230000
7 667000
8 1340000
9 1410000
10 2660000
11 381000
12 905000
13 283000
14 358000
15 468000
16 280000
17 262000
18 331000
19 175000
20 1670000
21 20300
22 107000
23 121000
24 121000
25 130000
26 106000
27 105000
28 98300
29 94300
30 909000
31 114000
32 95200
33 110000
34 102000
35 96600
36 106000
37 89200
38 97400
39 93900
40 702000
41 86200
42 101000
43 13100
44 97900
45 115000
46 94600
47 103000
48 90300
49 98700
50 794000
51 108000
52 103000
53 99800
54 102000
55 95400
56 94400
57 85900
58 82600
59 88000
60 559000
61 90400
62 95800
63 102000
64 93200
65 80200
66 88200
67 76400
68 68200
69 102000
70 497000
71 81300
72 106000
73 89700
74 98400
75 102000
76 80600
77 11100
78 77100
79 84900
80 457000
81 81600
82 74900
83 84700
84 84400
85 76200
86 84800
87 79500
88 76600
89 79300
90 466000
91 93700
92 86600
93 75100
94 80200
95 92100
96 88600
97 72900
98 84000
99 96600
110 6360
127 1450
128 1930
135 3080
151 1220
154 1250
157 1290
159 1090
160 10900
161 1030
169 1250
179 1350
186 1090
238 1720
280 15700
287 1590
292 1430
335 1730
352 1580
358 1260
368 1600
385 1970
409 1270
414 1090
415 1550
420 11500
422 1860
424 1700
431 1380
444 1350
447 1240
453 1700
463 1400
485 1460
491 1260
493 1120
506 1200
512 1320
530 9910
531 1770
542 1370
550 13600
561 1150
567 1840
571 1440
578 1310
600 24700
607 1100
613 1160
615 1230
617 983
633 1260
636 1350
641 1040
648 1110
649 1250
652 1420
656 2180
676 1030
696 1490
709 1440
711 1660
727 1260
730 8240
739 1080
745 1320
757 1340
760 7730
762 1130
766 1340
767 1150
772 1400
774 1600
781 1200
787 1000
794 960
813 1450
817 1080
841 1020
843 1200
848 1040
853 1210
865 1180
897 855
910 1690
953 1030
954 1600
974 1270
981 980
992 1230