1 182000000
2 194000000
3 128000000
4 468000000
5 61000000
6 50600000
7 29800000
8 151000000
9 15600000
10 107000000
11 297000000
12 14400000
13 7650000
14 5510000
15 14000000
16 4000000
17 4450000
18 6450000
19 1940000
20 15500000
21 415000
22 328000
23 107000
24 275000
25 1950000
26 232000
27 140000
28 168000
29 190000
30 13700000
31 125000
32 127000
33 85700
34 73400
35 336000
36 132000
37 61700
38 78100
39 53400
40 7120000
41 86400
42 63000
43 47500
44 91900
45 174000
46 47500
47 61400
48 209000
49 39400
50 9760000
51 37600
52 80900
53 69500
54 41100
55 79800
56 37500
57 35600
58 75300
59 30900
60 6900000
61 104000
62 28300
63 24900
64 55200
65 104000
66 63700
67 27800
68 26800
69 939000
70 7490000
71 21200
72 43700
73 18200
74 21300
75 177000
76 24100
77 52900
78 20200
79 19300
80 9060000
81 18200
82 18700
83 17300
84 27800
85 49000
86 25000
87 19000
88 35400
89 17000
90 7080000
91 13400
92 64200
93 16600
94 16200
95 43300
96 21100
97 17100
98 22300
99 58500
110 18500
127 4180
128 6000
135 5510
151 1450
154 2060
157 2380
159 4320
160 59700
161 25100
169 1220
179 1300
186 2680
238 1530
280 2910
287 717
292 74
335 953
352 600
358 185
368 1330
385 783
409 397
414 629
415 956
420 3130
422 529
424 320
431 410
444 443
447 1080
453 119
463 75
485 406
491 289
493 59
506 641
512 170
530 1140
531 101
542 211
550 7360
561 120
567 109
571 80
578 232
600 367000
607 616
613 872
615 1
617 648
633 51
636 624
641 412
648 889
649 717
652 150
656 133
676 399
696 397
709 524
711 615
727 176
730 1100
739 304
745 396
757 56
760 1300
762 61
766 402
767 246
772 94
774 270
781 236
787 280
794 175
813 838
817 1320
841 450
843 238
848 1200
853 96
865 434
897 435
910 1050
953 1
954 108
974 1980
981 307
992 1660