1 17720000000
2 25270000000
3 700000000
4 2750000000
5 189000000
6 311000000
7 19600000
8 26300000
9 2290000000
10 2020000000
11 2640000
12 12300000
13 719000
14 1750000
15 2370000
16 6170000
17 184000
18 22800000
19 8390000
20 9550000
21 93200
22 154000
23 154000
24 188000
25 214000
26 106000
27 17300
28 116000
29 105000
30 661000
31 66600
32 118000
33 61400
34 121000
35 129000
36 126000
37 19100
38 108000
39 102000
40 234000
41 19000
42 113000
43 96500
44 107000
45 47400
46 102000
47 13300
48 108000
49 106000
50 1470000
51 23400
52 119000
53 96800
54 113000
55 112000
56 104000
57 12000
58 89900
59 95200
60 1150000
61 14400
62 105000
63 104000
64 104000
65 90100
66 105000
67 13800
68 83700
69 323000
70 410000
71 15600
72 105000
73 94100
74 105000
75 108000
76 90800
77 11600
78 84200
79 93800
80 372000
81 45600
82 82500
83 93900
84 95600
85 85100
86 90300
87 11600
88 89500
89 86900
90 3890000
91 18000
92 101000
93 82000
94 86500
95 101000
96 99000
97 12600
98 90000
99 113000
110 7
127 4
128 4
135 4
151 2
154 3
157 2
159 2
160 3
161 4
169 4
179 2
186 4
238 13300
280 38100
287 3
292 14800
335 13700
352 16900
358 9
368 11500
385 14300
409 17000
414 13300
415 15700
420 48400
422 15700
424 9
431 6
444 14900
447 3
453 9
463 14300
485 8
491 5
493 13400
506 21600
512 17400
530 36500
531 10
542 9
550 43500
561 7
567 3
571 1970
578 8
600 479000
607 22600
613 12600
615 10
617 13800
633 16100
636 10
641 8
648 12800
649 10
652 19000
656 8
676 10
696 7
709 7
711 3
727 3
730 14900
739 3
745 7
757 4
760 14600
762 4
766 5
767 2
772 4
774 3
781 5
787 4
794 4
813 10
817 14100
841 4
843 10
848 9
853 8
865 8
897 2
910 15300
953 11600
954 10
974 10
981 5
992 15500