1 583000000
2 142000000
3 95200000
4 50400000
5 33500000
6 22300000
7 21600000
8 14700000
9 8350000
10 12900000
11 1170000
12 7420000
13 971000
14 722000
15 4520000
16 1930000
17 2460000
18 2270000
19 545000
20 5910000
21 213000
22 637000
23 605000
24 970000
25 307000
26 125000
27 554000
28 443000
29 373000
30 3730000
31 94700
32 397000
33 474000
34 348000
35 218000
36 135000
37 439000
38 356000
39 73200
40 2290000
41 307000
42 340000
43 319000
44 324000
45 141000
46 62000
47 328000
48 458000
49 323000
50 2470000
51 309000
52 320000
53 296000
54 321000
55 626000
56 314000
57 302000
58 315000
59 60300
60 1590000
61 304000
62 315000
63 286000
64 310000
65 72100
66 327000
67 62900
68 246000
69 1110000
70 759000
71 293000
72 306000
73 297000
74 298000
75 88900
76 53700
77 63300
78 273000
79 304000
80 788000
81 263000
82 306000
83 306000
84 263000
85 68500
86 56800
87 64000
88 299000
89 313000
90 2520000
91 282000
92 317000
93 291000
94 283000
95 317000
96 309000
97 283000
98 274000
99 104000
110 26200
127 15300
128 15900
135 19100
151 49200
154 12300
157 9220
159 38400
160 378000
161 12900
169 113000
179 33600
186 10500
238 29700
280 47300
287 39600
292 35000
335 37400
352 8420
358 36900
368 32900
385 8770
409 24100
414 25600
415 23400
420 214000
422 9270
424 27700
431 35100
444 11500
447 26500
453 34500
463 7990
485 8490
491 34900
493 8540
506 4360
512 23100
530 41200
531 9290
542 31800
550 276000
561 32800
567 8520
571 32300
578 30300
600 2330000
607 22000
613 19900
615 22000
617 44100
633 28200
636 24300
641 9160
648 8690
649 27800
652 8320
656 9290
676 21600
696 10500
709 19100
711 15900
727 24900
730 230000
739 21900
745 33200
757 29200
760 209000
762 25300
766 25300
767 23300
772 32300
774 6790
781 26300
787 32500
794 29400
813 18100
817 31100
841 7370
843 23600
848 23000
853 28500
865 24200
897 21800
910 18100
953 7340
954 8020
974 5940
981 5330
992 28900
1113 3370
1299 4940
1319 1370
1510 4150
1688 5770
1714 986
2000 1190000
2035 3950
2227 9920
2248 6900
2614 2750
2700 53700
2823 6170
2840 24200
2871 5620
2892 7270
2972 7680
3027 7120
3204 2320
3272 5900
3323 8550
3408 2130
3569 5720
3671 5850
3746 5850
3752 6620
3818 1710
3857 3510
3885 7980
3940 18800
3994 5930
4057 2560
4174 8300
4197 5980
4198 6290
4282 6270
4420 24000
4447 6700
4537 6360
4556 6870
4586 5840
4587 5830
4652 6430
4787 5910
4879 5480
5238 9330
5371 7590
5386 7670
5563 7100
6033 5360
6044 4280
6295 7770
6305 3030
6433 7570
6486 9380
6529 7630
6589 7980
6700 31600
6759 7460
6772 7020
6890 20300
6895 6850
6929 7060
6973 6610
7223 8410
7401 2600
7528 8090
7606 2550
7686 7440
7763 6660
8036 5580
8194 7850
8205 2880
8219 2300
8255 8000
8306 2620
8363 7830
8423 7650
8499 7390
8661 6450
8697 6830
8731 7380
8794 6870
8984 6810
9243 8710
9395 7170
9599 8780
9719 4230
9826 7360
9830 20300