1 4920000000
2 787000000
3 595000000
4 391000000
5 841000000
6 535000000
7 175000000
8 91900000
9 162000000
10 227000000
11 492000000
12 43500000
13 16800000
14 4340000
15 61600000
16 502000
17 702000
18 16800000
19 902000
20 44200000
21 11200000
22 7100000
23 7020000
24 9810000
25 10600000
26 6140000
27 5030000
28 6630000
29 5240000
30 32400000
31 6860000
32 4970000
33 4930000
34 35900000
35 47700000
36 34500000
37 3520000
38 3870000
39 3230000
40 20600000
41 35800000
42 3750000
43 3390000
44 4550000
45 6090000
46 3180000
47 2870000
48 40200000
49 2990000
50 164000000
51 3480000
52 2930000
53 2830000
54 3010000
55 3400000
56 2700000
57 2520000
58 28100000
59 25500000
60 17700000
61 4420000
62 26500000
63 26700000
64 2890000
65 3550000
66 2510000
67 26300000
68 28300000
69 23900000
70 39700000
71 3380000
72 2730000
73 25100000
74 2890000
75 37000000
76 2520000
77 2490000
78 26700000
79 24700000
80 12300000
81 25200000
82 2510000
83 25600000
84 2520000
85 2900000
86 2490000
87 2410000
88 2510000
89 22800000
90 47300000
91 26200000
92 26400000
93 2480000
94 2590000
95 2990000
96 27200000
97 2470000
98 2520000
99 2950000
110 1240000
127 12000000
128 13800000
135 13300000
151 10700000
154 11100000
157 10300000
159 10300000
160 31300000
161 9820000
169 8920000
179 9750000
186 11900000
238 8040000
280 2280000
287 4990000
292 5700000
335 7160000
352 4920000
358 4650000
368 4850000
385 6070000
409 13600000
414 91500
415 600000
420 18900000
422 4910000
424 6120000
431 3590000
444 4040000
447 3360000
453 1060000
463 3080000
485 4220000
491 3100000
493 3220000
506 14600000
512 716000
530 13900000
531 3190000
542 3160000
550 16900000
561 2760000
567 2800000
571 2770000
578 3180000
600 57000000
607 1480000
613 840000
615 461000
617 22100
633 3130000
636 3180000
641 2870000
648 3200000
649 2590000
652 3170000
656 3040000
676 2880000
696 2650000
709 12200000
711 430000
727 1070000
730 12600000
739 2380000
745 3450000
757 2520000
760 1470000
762 2820000
766 2790000
767 2590000
772 2910000
774 3170000
781 2700000
787 2560000
794 2810000
813 423000
817 21300
841 2470000
843 917000
848 2860000
853 871000
865 3450000
897 2140000
910 905000
953 1040000
954 3130000
974 1090000
981 2850000
992 3490000
1113 237000
1299 790000
1319 14200
1510 341000
1688 680000
1714 53500
2000 152000000
2035 2710000
2227 479000
2248 465000
2614 33300
2700 544000
2823 462000
2840 576000
2871 411000
2892 457000
2972 584000
3027 1270000
3204 498000
3272 377000
3323 435000
3408 459000
3569 339000
3671 350000
3746 362000
3752 361000
3818 143000
3857 350000
3885 366000
3940 507000
3994 413000
4057 907000
4174 401000
4197 352000
4198 367000
4282 350000
4420 457000
4447 333000
4537 334000
4556 348000
4586 338000
4587 329000
4652 348000
4787 326000
4879 330000
5238 377000
5371 353000
5386 355000
5563 338000
6033 849000
6044 885000
6295 346000
6305 444000
6433 319000
6486 354000
6529 317000
6589 309000
6700 162000
6759 312000
6772 324000
6890 395000
6895 322000
6929 362000
6973 340000
7223 340000
7401 380000
7528 329000
7606 393000
7686 308000
7763 302000
8036 838000
8194 329000
8205 420000
8219 7840
8255 326000
8306 386000
8363 306000
8423 315000
8499 301000
8661 304000
8697 296000
8731 307000
8794 308000
8984 338000
9243 305000
9395 313000
9599 340000
9719 7770
9826 313000
9830 375000