1 26500000
2 2010000000
3 45100000
4 26800000
5 24600000
6 16600000
7 8710000
8 2630000000
9 62200000
10 11400000
11 445000
12 926000
13 683000
14 697000
15 355000
16 337000
17 239000
18 606000
19 325000
20 2230000
21 62800
22 67600
23 128000
24 116000
25 137000
26 62500
27 64400
28 60600
29 69100
30 813000
31 36500
32 45300
33 308000
34 58000
35 75000
36 59000
37 246000
38 48000
39 58300
40 552000
41 28500
42 158000
43 249000
44 49500
45 67400
46 217000
47 230000
48 281000
49 43700
50 528000
51 130000
52 138000
53 36700
54 224000
55 42300
56 33100
57 31800
58 178000
59 190000
60 788000
61 13200
62 56800
63 22900
64 72600
65 27400
66 24000
67 67800
68 59300
69 83900
70 496000
71 115000
72 25000
73 34200
74 209000
75 235000
76 154000
77 31400
78 177000
79 31500
80 799000
81 19900
82 106000
83 178000
84 39400
85 182000
86 180000
87 165000
88 160000
89 171000
90 645000
91 116000
92 120000
93 185000
94 194000
95 32700
96 152000
97 25100
98 174000
99 41500
110 14900
127 22900
128 15500
135 18100
151 8700
154 11500
157 9180
159 8820
160 42500
161 3930
169 7490
179 6190
186 6450
238 26200
280 20400
287 5090
292 18400
335 31900
352 20200
358 31600
368 9740
385 5400
409 16000
414 2660
415 13000
420 19300
422 19700
424 5750
431 19800
444 30800
447 26400
453 34900
463 8920
485 23200
491 20200
493 26400
506 16000
512 11800
530 172000
531 19900
542 18700
550 171000
561 6130
567 9820
571 17500
578 24300
600 146000
607 15500
613 10800
615 12400
617 10500
633 28700
636 26900
641 19300
648 5400
649 27100
652 19700
656 37500
676 21400
696 27100
709 13300
711 11400
727 24100
730 145000
739 23200
745 29600
757 5160
760 26200
762 7220
766 7530
767 8460
772 3410
774 28700
781 13400
787 24400
794 25800
813 10600
817 11300
841 16700
843 23600
848 22400
853 32200
865 3490
897 23100
910 12700
953 24300
954 4830
974 27400
981 13400
992 4180
1113 185
1299 8
1319 156
1510 480
1688 10
1714 10
2000 785000
2035 915
2227 7
2248 8
2614 6
2700 48600
2823 8
2840 9820
2871 7
2892 2280
2972 7
3027 3360
3204 820
3272 7
3323 7
3408 788
3569 10
3671 9
3746 9
3752 10
3818 8
3857 4930
3885 8
3940 8300
3994 8
4057 549
4174 5
4197 5
4198 6
4282 10
4420 7360
4447 9
4537 8
4556 6
4586 7
4587 10
4652 5
4787 8
4879 10
5238 8
5371 7
5386 7
5563 6
6033 535
6044 10
6295 4
6305 10
6433 4
6486 7
6529 8
6589 5
6700 6780
6759 9
6772 8
6890 8890
6895 7
6929 7
6973 7
7223 10
7401 8
7528 6
7606 8
7686 6
7763 4
8036 9
8194 4
8205 10
8219 9
8255 6
8306 7
8363 2
8423 8
8499 8
8661 2
8697 10
8731 9
8794 7
8984 8
9243 10
9395 10
9599 8
9719 7
9826 10
9830 7290