1 496000000
2 356000000
3 321000000
4 101000000
5 98200000
6 50500000
7 49100000
8 31700000
9 23400000
10 44600000
11 4720000
12 11700000
13 3290000
14 2450000
15 8200000
16 2610000
17 3230000
18 2840000
19 1090000
20 22700000
21 1580000
22 748000
23 747000
24 986000
25 5060000
26 1380000
27 1440000
28 1450000
29 1100000
30 14400000
31 970000
32 1420000
33 792000
34 1040000
35 1680000
36 652000
37 1090000
38 1100000
39 1030000
40 14700000
41 874000
42 1050000
43 1190000
44 1020000
45 824000
46 927000
47 992000
48 1090000
49 888000
50 8350000
51 660000
52 792000
53 882000
54 864000
55 1140000
56 889000
57 892000
58 261000
59 786000
60 4300000
61 635000
62 781000
63 802000
64 899000
65 1010000
66 945000
67 803000
68 795000
69 1540000
70 3750000
71 640000
72 869000
73 853000
74 838000
75 1180000
76 789000
77 997000
78 856000
79 718000
80 2480000
81 635000
82 650000
83 793000
84 835000
85 902000
86 241000
87 841000
88 1350000
89 808000
90 2490000
91 615000
92 670000
93 815000
94 760000
95 906000
96 709000
97 703000
98 209000
99 861000
110 374000
127 168000
128 77900
135 69100
151 28800
154 47100
157 63200
159 60900
160 800000
161 22800
169 44800
179 55500
186 104000
238 53600
280 548000
287 25700
292 69000
335 98800
352 39200
358 26800
368 31200
385 35300
409 65400
414 65400
415 65500
420 571000
422 68400
424 124000
431 18300
444 95300
447 89300
453 26600
463 77400
485 25300
491 15100
493 72000
506 70800
512 78300
530 402000
531 63700
542 74400
550 508000
561 15300
567 26600
571 15000
578 24200
600 999000
607 63600
613 61500
615 25600
617 67000
633 87000
636 93100
641 60900
648 25400
649 46600
652 18600
656 86900
676 43800
696 74700
709 54100
711 58600
727 88600
730 378000
739 87900
745 85600
757 22100
760 383000
762 62500
766 93600
767 83200
772 60600
774 37600
781 13400
787 74600
794 67300
813 56400
817 12400
841 14600
843 43100
848 96700
853 20700
865 38700
897 69700
910 81600
953 20600
954 20200
974 79100
981 55600
992 63400
1113 6850
1299 9280
1319 4970
1510 6990
1688 11100
1714 4600
2000 3220000
2035 9420
2227 17100
2248 16800
2614 6690
2700 93700
2823 15100
2840 41300
2871 8910
2892 11300
2972 12300
3027 9320
3204 7430
3272 12600
3323 21900
3408 7640
3569 12200
3671 9230
3746 13100
3752 11700
3818 6230
3857 12600
3885 12600
3940 33100
3994 11300
4057 7440
4174 16900
4197 12500
4198 12300
4282 10900
4420 36400
4447 12900
4537 13200
4556 13300
4586 13100
4587 11800
4652 11400
4787 11200
4879 11500
5238 16700
5371 10100
5386 14500
5563 13700
6033 11000
6044 12400
6295 14900
6305 8280
6433 14800
6486 17700
6529 15800
6589 18300
6700 83600
6759 14100
6772 13200
6890 35400
6895 12600
6929 14000
6973 12700
7223 17900
7401 5080
7528 17400
7606 6410
7686 14000
7763 13100
8036 12200
8194 14400
8205 8460
8219 7340
8255 17300
8306 7280
8363 14100
8423 16800
8499 11900
8661 9420
8697 11400
8731 10600
8794 12700
8984 14000
9243 16200
9395 13500
9599 6440
9719 5550
9826 15200
9830 36700
11452 6230
11836 7000
12699 5220
12944 6640
14219 2420
14593 5770
14699 5120
15366 7550
17787 5690
18406 1860
18712 2420
19573 5700
21155 4760
21470 6620
23338 10600
26348 10800
26997 6530
27469 7440
27934 9310
29611 3470
30000 810000
30050 10300
30079 3880
32620 8350
32859 5470
34654 7540
35419 3620
38402 3510
38813 3620
39195 7820
39998 6790
40451 3740
41780 5520
42400 30000
42748 5660
42832 4570
44512 5240
44803 3530
46201 3200
46571 4210
48550 12900
50428 7000
51610 1480
52766 5380
53728 7180
57268 10300
57446 7830
58367 9610
58536 7840
58540 11700
58814 1650
58872 8240
60192 5160
60752 4580
63756 8340
64590 12100
66173 9670
66659 10
70698 4950
72378 5190
72465 4910
72827 4920
73246 7340
73851 6390
74835 6550
75999 7520
76002 1200
77111 2940
77527 7390
78382 7740
80581 2900
82638 4520
82989 4260
83614 1400
84544 7550
86585 9020
87964 8590
89812 1880
90923 5240
91589 3160
91640 6190
94520 9670
95151 6750
96437 10
97017 874
97221 5430
98143 8130
98626 7340
99319 1910
99878 6830