1 89900000
2 64400000
3 476000000
4 12300000
5 1600000000
6 62500000
7 9930000
8 12500000
9 17100000
10 35900000
11 569000
12 1040000
13 343000
14 306000
15 241000
16 298000
17 201000
18 279000
19 149000
20 1860000
21 84900
22 60700
23 42800
24 86500
25 141000
26 32800
27 30300
28 30100
29 20800
30 3960000
31 20700
32 29800
33 27300
34 15400
35 45000
36 24000
37 17300
38 14000
39 11200
40 647000
41 12900
42 21300
43 12300
44 16300
45 32100
46 13800
47 11500
48 20700
49 12500
50 731000
51 12900
52 14400
53 13900
54 11400
55 17400
56 10300
57 11400
58 9510
59 10700
60 588000
61 8630
62 11200
63 8820
64 9800
65 16600
66 12500
67 8940
68 9270
69 94200
70 473000
71 7880
72 19600
73 7780
74 8680
75 52200
76 9460
77 11200
78 8620
79 8840
80 475000
81 8440
82 8770
83 8730
84 13200
85 12700
86 11300
87 8100
88 11400
89 6740
90 463000
91 7910
92 8190
93 7750
94 6710
95 12000
96 13500
97 7400
98 8660
99 20000
110 118000
127 1910
128 1660
135 1400
151 651
154 780
157 770
159 1380
160 92300
161 618
169 618
179 514
186 779
238 438
280 2560
287 529
292 524
335 891
352 386
358 390
368 377
385 444
409 7430
414 477
415 6460
420 1060
422 479
424 336
431 597
444 493
447 362
453 624
463 738
485 9
491 840
493 581
506 12900
512 6320
530 111000
531 650
542 455
550 80800
561 624
567 455
571 495
578 1130
600 429000
607 6790
613 899
615 785
617 771
633 650
636 626
641 990
648 1170
649 4
652 894
656 388
676 10
696 9
709 5520
711 5480
727 335
730 76200
739 6
745 520
757 10
760 72900
762 487
766 369
767 9
772 317
774 407
781 565
787 6
794 360
813 4740
817 7010
841 10
843 454
848 309
853 448
865 371
897 9
910 8550
953 751
954 691
974 482
981 453
992 765