1 65100000
2 179000000
3 472000000
4 51000000
5 1590000000
6 63200000
7 20700000
8 19500000
9 12100000
10 36000000
11 2500000
12 2480000
13 1380000
14 1270000
15 3350000
16 1200000
17 357000
18 842000
19 476000
20 7630000
21 99800
22 102000
23 180000
24 265000
25 383000
26 140000
27 164000
28 158000
29 124000
30 3930000
31 54100
32 69600
33 146000
34 120000
35 194000
36 135000
37 116000
38 130000
39 111000
40 1640000
41 51500
42 61000
43 102000
44 16800
45 177000
46 13800
47 15900
48 153000
49 110000
50 2060000
51 50100
52 52700
53 95700
54 110000
55 119000
56 105000
57 94700
58 91100
59 93400
60 1760000
61 44900
62 46800
63 105000
64 13400
65 105000
66 13000
67 9580
68 10100
69 43000
70 1270000
71 46100
72 60300
73 92400
74 104000
75 120000
76 87100
77 97000
78 85700
79 88900
80 909000
81 47100
82 46100
83 92200
84 88600
85 86900
86 94400
87 84400
88 84700
89 82800
90 869000
91 44200
92 51300
93 76300
94 85100
95 101000
96 95700
97 77600
98 87700
99 120000
110 119000
127 14000
128 16900
135 18400
151 5660
154 14100
157 10900
159 11400
160 117000
161 5040
169 9030
179 8670
186 11100
238 6150
280 75900
287 9660
292 4540
335 6600
352 4660
358 10800
368 5790
385 8740
409 7
414 7
415 5920
420 77300
422 4
424 5
431 5
444 7470
447 6
453 4
463 4
485 10
491 4
493 4
506 12900
512 10800
530 112000
531 4970
542 4840
550 96800
561 4800
567 7120
571 4950
578 6380
600 1420000
607 6660
613 5700
615 7090
617 5080
633 9940
636 6190
641 9
648 7180
649 10500
652 8
656 9920
676 5060
696 8520
709 8010
711 7910
727 7440
730 87100
739 5990
745 9380
757 6990
760 83900
762 4740
766 7340
767 6200
772 4820
774 8080
781 10
787 8040
794 7610
813 8680
817 9090
841 4370
843 7300
848 5680
853 6450
865 6620
897 7800
910 8470
953 6000
954 8230
974 6950
981 4060
992 4890