1 247000000
2 193000000
3 104000000
4 41300000
5 31000000
6 25100000
7 19200000
8 17300000
9 21300000
10 45800000
11 1310000
12 5900000
13 931000
14 1180000
15 3030000
16 1060000
17 589000
18 1670000
19 1350000
20 7690000
21 215000
22 188000
23 185000
24 373000
25 368000
26 332000
27 94800
28 113000
29 94600
30 6370000
31 322000
32 301000
33 183000
34 81400
35 362000
36 124000
37 161000
38 67300
39 146000
40 1960000
41 107000
42 342000
43 105000
44 142000
45 343000
46 153000
47 103000
48 154000
49 155000
50 2970000
51 117000
52 551000
53 121000
54 261000
55 435000
56 275000
57 155000
58 137000
59 153000
60 1600000
61 98200
62 128000
63 95200
64 129000
65 219000
66 202000
67 253000
68 141000
69 243000
70 699000
71 86700
72 183000
73 163000
74 90200
75 379000
76 90200
77 119000
78 90900
79 95900
80 387000
81 48600
82 108000
83 99500
84 57300
85 96700
86 55500
87 63300
88 74200
89 63100
90 1300000
91 80900
92 132000
93 161000
94 85600
95 180000
96 88100
97 173000
98 91200
99 221000
110 85100
127 8820
128 13800
135 12000
151 29400
154 30600
157 38000
159 32200
160 94400
161 23100
169 29400
179 22400
186 9600
238 8550
280 41500
287 7140
292 52600
335 16200
352 33800
358 22900
368 33900
385 9860
409 72300
414 14800
415 22700
420 75300
422 6660
424 9100
431 4700
444 16900
447 15100
453 20800
463 15900
485 32600
491 14100
493 14400
506 130000
512 76800
530 62400
531 14100
542 53400
550 212000
561 45800
567 105000
571 19000
578 17000
600 417000
607 118000
613 13000
615 21200
617 13700
633 10100
636 10700
641 13700
648 15200
649 16400
652 22800
656 25300
676 27700
696 18200
709 127000
711 12500
727 11400
730 10
739 10500
745 24300
757 18300
760 60200
762 17300
766 17800
767 14400
772 16000
774 13900
781 3430
787 4220
794 14800
813 13600
817 807000
841 22800
843 14300
848 16800
853 18000
865 44200
897 23100
910 56700
953 29000
954 19500
974 14700
981 9670
992 23500
1113 6600
1299 21500
1319 6590
1510 20100
1688 4070
1714 10100
2000 1870000
2035 2260
2227 4880
2248 8360
2614 6740
2700 68300
2823 2330
2840 22100
2871 7110
2892 12500
2972 27100
3027 1670
3204 19400
3272 51000
3323 3250
3408 6510
3569 13700
3671 4780
3746 6720
3752 8320
3818 9270
3857 9410
3885 3690
3940 18000
3994 14100
4057 11400
4174 5750
4197 7580
4198 9000
4282 3260
4420 18300
4447 5670
4537 2720
4556 11000
4586 2530
4587 2290
4652 8350
4787 2620
4879 6500
5238 3000
5371 13600
5386 3090
5563 7930
6033 2040
6044 13400
6295 19100
6305 68600
6433 2370
6486 3730
6529 2840
6589 2130
6700 56300
6759 10700
6772 11500
6890 63800
6895 17100
6929 3750
6973 4540
7223 2740
7401 432
7528 4020
7606 19100
7686 2230
7763 5070
8036 943
8194 6370
8205 320000
8219 4610
8255 98800
8306 16600
8363 4740
8423 3250
8499 8100
8661 8230
8697 5520
8731 2230
8794 6320
8984 2710
9243 5150
9395 8220
9599 8770
9719 6200
9826 3640
9830 13100