1 1020000000
2 342000000
3 147000000
4 78200000
5 51800000
6 90800000
7 35000000
8 19300000
9 21500000
10 25270000000
11 1350000
12 1200000
13 603000
14 649000
15 1470000
16 881000
17 676000
18 2560000
19 2920000
20 11900000
21 278000
22 50200
23 76300
24 370000
25 372000
26 39800
27 34000
28 158000
29 19700
30 19800000
31 3450000
32 175000
33 98100
34 106000
35 142000
36 50500
37 30900
38 28500
39 19500
40 8010000
41 67200
42 15100
43 45800
44 18700
45 175000
46 23400
47 14900
48 42900
49 20100
50 35100000
51 87500
52 18200
53 11700
54 44600
55 245000
56 107000
57 15600
58 31600
59 48400
60 6170000
61 11700
62 3950
63 7110
64 17600
65 26500
66 49600
67 6570
68 5860
69 162000
70 3270000
71 25800
72 54100
73 17300
74 5680
75 58900
76 5700
77 11100
78 5240
79 3990
80 2230000
81 11900
82 8630
83 5860
84 325000
85 15400
86 4870
87 3870
88 9030
89 21700
90 1740000
91 15200
92 5960
93 23100
94 4460
95 33700
96 16800
97 14100
98 9050
99 62000
110 6510
127 1710
128 1310
135 2450
151 913
154 801
157 1010
159 8550
160 35100
161 285
169 224000
179 107000
186 47
238 49300
280 1690
287 43500
292 38600
335 59000
352 66500
358 309
368 298
385 48800
409 5550
414 109000
415 313
420 263000
422 65800
424 159000
431 406
444 24500
447 34000
453 44500
463 32600
485 43200
491 449
493 30600
506 74700
512 461
530 426000
531 26900
542 78100
550 6210
561 1210
567 44400
571 1210
578 41700
600 70200
607 219
613 437
615 7
617 40
633 410
636 391
641 10
648 58
649 9
652 521
656 371
676 9
696 8
709 21300
711 29100
727 29800
730 259000
739 23200
745 42300
757 227
760 233000
762 23300
766 28000
767 17300
772 33800
774 22900
781 24900
787 23900
794 21600
813 13600
817 1
841 29800
843 23500
848 26700
853 38300
865 23000
897 21700
910 386000
953 32400
954 37600
974 24500
981 27500
992 32400
1113 13800
1299 83
1319 10
1510 172000
1688 2
1714 13900
2000 321000
2035 2440
2227 5
2248 5
2614 3
2700 629
2823 6550
2840 17600
2871 4500
2892 5650
2972 6
3027 5330
3204 2970
3272 3240
3323 9160
3408 2410
3569 3
3671 1
3746 2570
3752 3190
3818 5
3857 2680
3885 3040
3940 7600
3994 2790
4057 1350
4174 6610
4197 2190
4198 2050
4282 2660
4420 15700
4447 2640
4537 3400
4556 3
4586 2580
4587 10
4652 4
4787 1980
4879 1860
5238 10
5371 7320
5386 2470
5563 4
6033 1310
6044 1100
6295 2330
6305 2880
6433 2940
6486 5050
6529 3680
6589 2190
6700 113
6759 4
6772 4
6890 13300
6895 2110
6929 3220
6973 2340
7223 9
7401 6
7528 3
7606 5
7686 4
7763 10
8036 6
8194 3
8205 2970
8219 5
8255 5
8306 2280
8363 8
8423 10
8499 3
8661 4
8697 4
8731 10
8794 8
8984 5
9243 10
9395 1960
9599 3
9719 4
9826 6
9830 12100