1 497000000
2 353000000
3 322000000
4 28100000
5 25100000
6 16200000
7 69400000
8 10200000
9 6790000
10 45100000
11 1650000
12 5150000
13 1190000
14 1350000
15 440000
16 214000
17 1220000
18 1310000
19 1220000
20 9380000
21 602000
22 610000
23 747000
24 886000
25 189000
26 711000
27 829000
28 728000
29 668000
30 6750000
31 536000
32 498000
33 744000
34 724000
35 718000
36 988000
37 650000
38 88100
39 666000
40 14800000
41 254000
42 1060000
43 1180000
44 648000
45 113000
46 539000
47 590000
48 603000
49 289000
50 5950000
51 344000
52 325000
53 509000
54 670000
55 652000
56 66800
57 538000
58 551000
59 62100
60 5920000
61 358000
62 414000
63 496000
64 572000
65 75500
66 76300
67 525000
68 83000
69 721000
70 5650000
71 351000
72 434000
73 713000
74 567000
75 618000
76 586000
77 503000
78 88200
79 458000
80 4680000
81 346000
82 361000
83 504000
84 84200
85 656000
86 72700
87 570000
88 527000
89 543000
90 3600000
91 294000
92 413000
93 492000
94 445000
95 439000
96 401000
97 266000
98 63800
99 326000
110 377000
127 59800
128 64900
135 53000
151 29400
154 42000
157 50600
159 51700
160 252000
161 31200
169 52800
179 30400
186 44900
238 43200
280 32500
287 47600
292 32200
335 38200
352 24800
358 33600
368 42500
385 33700
409 78000
414 34900
415 47700
420 219000
422 32600
424 40200
431 33300
444 43500
447 34000
453 33200
463 37000
485 31700
491 25900
493 30900
506 33000
512 38700
530 149000
531 33200
542 33000
550 114000
561 27400
567 35700
571 27800
578 34200
600 3590000
607 35300
613 34100
615 58200
617 33300
633 8710
636 8740
641 32400
648 35800
649 22100
652 29400
656 35600
676 32900
696 27100
709 71200
711 29700
727 36300
730 162000
739 28300
745 34400
757 32500
760 29300
762 25900
766 35800
767 34200
772 31800
774 35800
781 30600
787 40800
794 29300
813 35800
817 38400
841 35300
843 37500
848 30800
853 34400
865 29300
897 21900
910 30100
953 34600
954 34600
974 30500
981 22800
992 24300
1113 3120
1299 2660
1319 3420
1510 3610
1688 3900
1714 2560
2000 4740000
2035 4380
2227 5710
2248 5610
2614 3480
2700 108000
2823 5010
2840 14400
2871 3140
2892 5
2972 9
3027 5000
3204 3650
3272 3230
3323 8500
3408 3060
3569 3650
3671 2780
3746 3670
3752 7
3818 3950
3857 3440
3885 3600
3940 9140
3994 3560
4057 9570
4174 5140
4197 3190
4198 3530
4282 2970
4420 13400
4447 3640
4537 4520
4556 4620
4586 4270
4587 4250
4652 9
4787 3530
4879 3490
5238 7500
5371 7
5386 5580
5563 6590
6033 4550
6044 4790
6295 4080
6305 10600
6433 4530
6486 5630
6529 5250
6589 4050
6700 90100
6759 4060
6772 9
6890 8970
6895 3620
6929 4670
6973 4120
7223 5290
7401 10
7528 5510
7606 3070
7686 3840
7763 3690
8036 4680
8194 4570
8205 10900
8219 4670
8255 4930
8306 3690
8363 4120
8423 4530
8499 3020
8661 9
8697 3060
8731 10
8794 3390
8984 4690
9243 7530
9395 6730
9599 6790
9719 5870
9826 6470
9830 11500