1 477000000
2 1210000000
3 1470000000
4 37400000
5 384000000
6 71600000
7 44000000
8 45800000
9 37400000
10 28900000
11 13200000
12 9240000
13 2070000
14 1380000
15 1690000
16 1550000
17 1360000
18 1370000
19 1200000
20 3980000
21 310000
22 385000
23 307000
24 336000
25 434000
26 264000
27 248000
28 289000
29 223000
30 5140000
31 204000
32 272000
33 242000
34 150000
35 293000
36 304000
37 188000
38 214000
39 217000
40 2650000
41 142000
42 198000
43 160000
44 128000
45 258000
46 165000
47 148000
48 200000
49 178000
50 2980000
51 143000
52 185000
53 160000
54 107000
55 237000
56 180000
57 148000
58 161000
59 151000
60 1930000
61 119000
62 155000
63 131000
64 93400
65 179000
66 170000
67 119000
68 141000
69 226000
70 1650000
71 106000
72 190000
73 128000
74 77500
75 171000
76 124000
77 116000
78 135000
79 129000
80 2020000
81 429000
82 408000
83 456000
84 82200
85 148000
86 227000
87 115000
88 138000
89 410000
90 1710000
91 103000
92 123000
93 114000
94 70300
95 150000
96 388000
97 103000
98 118000
99 201000
110 172000
127 55700
128 62800
135 59000
151 56700
154 44400
157 60300
159 65600
160 135000
161 40300
169 45500
179 42900
186 48000
238 44600
280 111000
287 37700
292 39700
335 47200
352 57000
358 49300
368 40500
385 45000
409 26000
414 18800
415 27900
420 113000
422 44600
424 31100
431 32100
444 25300
447 34200
453 40900
463 33800
485 38000
491 28400
493 32200
506 29000
512 33400
530 97100
531 35100
542 38400
550 161000
561 33100
567 34700
571 30100
578 33500
600 416000
607 24100
613 17900
615 24400
617 16200
633 36500
636 36700
641 27800
648 31100
649 33900
652 41400
656 38400
676 31700
696 29400
709 20900
711 18300
727 34500
730 73100
739 30600
745 31900
757 33500
760 70900
762 33800
766 31900
767 30800
772 30100
774 22400
781 26400
787 28400
794 18900
813 17700
817 16200
841 26500
843 31700
848 33100
853 35800
865 35200
897 29100
910 85300
953 34100
954 24200
974 22400
981 30600
992 36000
1113 3280
1299 5920
1319 3280
1510 9050
1688 4990
1714 2280
2000 915000
2035 1
2227 8070
2248 7860
2614 3210
2700 20600
2823 7100
2840 9710
2871 6050
2892 7830
2972 8620
3027 2
3204 9
3272 7090
3323 8910
3408 2460
3569 6370
3671 5800
3746 5730
3752 6350
3818 2500
3857 5870
3885 5940
3940 8260
3994 10
4057 2
4174 4700
4197 4540
4198 4660
4282 5610
4420 7270
4447 5110
4537 5490
4556 5900
4586 5210
4587 5190
4652 5450
4787 4840
4879 10
5238 9
5371 4410
5386 5330
5563 9
6033 2
6044 2
6295 6380
6305 1720
6433 6270
6486 7510
6529 6590
6589 6080
6700 17600
6759 5510
6772 5900
6890 8170
6895 5750
6929 5570
6973 5220
7223 6440
7401 2470
7528 6650
7606 2440
7686 5460
7763 5580
8036 2
8194 4530
8205 7
8219 6620
8255 7480
8306 9
8363 6320
8423 6510
8499 5810
8661 5500
8697 5260
8731 5530
8794 4190
8984 4050
9243 6320
9395 7080
9599 24700
9719 7800
9826 5870
9830 8320