1 193922
2 268807
3 146963
4 66961
5 42872
6 32455
7 21100
8 14221
9 10834
10 39006
11 3832
12 5451
13 1742
14 1301
15 2173
16 1775
17 1229
18 1186
19 1942
20 13386
21 694
22 546
23 476
24 982
25 1137
26 352
27 330
28 344
29 296
30 6186
31 260
32 365
33 293
34 233
35 401
36 351
37 177
38 253
39 236
40 4466
41 213
42 424
43 187
44 224
45 357
46 169
47 120
48 275
49 132
50 4540
51 183
52 247
53 138
54 149
55 230
56 151
57 107
58 116
59 104
60 2584
61 130
62 118
63 93
64 174
65 202
66 198
67 104
68 143
69 227
70 1811
71 101
72 165
73 89
74 95
75 286
76 136
77 150
78 99
79 99
80 1849
81 129
82 119
83 89
84 348
85 127
86 79
87 94
88 158
89 67
90 1387
91 83
92 122
93 69
94 75
95 99
96 107
97 55
98 66
99 235